[[0.30590922 0.30965072 0.3605743  0.0238658 ]X
 [0.17981902 0.23897316 0.482717   0.09849083]X
 [0.0920473  0.21432388 0.15873773 0.53489107]O
 [0.30607918 0.33773887 0.3128647  0.04331727]X
 [0.23774397 0.3724087  0.31916356 0.07068376]X
 [0.11280036 0.28578764 0.41838995 0.18302207]X
 [0.31389818 0.24019788 0.4217926  0.02411133]X
 [0.22007011 0.2997928  0.3796842  0.10045282]X
 [0.36486426 0.3120339  0.29894406 0.02415781]X
 [0.14675821 0.30937448 0.41024378 0.13362354]X
 [0.3295784  0.22393212 0.4247555  0.021734  ]X
 [0.31650203 0.2588836  0.4030258  0.02158858]X
 [0.30296087 0.26418754 0.40238103 0.03047046]X
 [0.19212846 0.3015551  0.3221186  0.18419777]X
 [0.27552107 0.04768588 0.02371549 0.6530776 ]X
 [0.28077343 0.2878531  0.3808797  0.05049377]O
 [0.24278332 0.23405658 0.49070787 0.0324523 ]O
 [0.13487832 0.224985   0.5107293  0.1294074 ]O
 [0.23889028 0.24242069 0.47607526 0.0426137 ]O
 [0.29581714 0.21813138 0.4598981  0.0261534 ]]O